6.96
7.14
6.95
7.14
6.94
5.0
6.17
7.04
6.17
7.04
7.17
7.27
6.99
7.65
6.99
7.65
7.22
7.5
7.23
7.14
7.23
7.14
6.86
5.0
7.07
7.41
6.82
7.27
5.09
5.45
6.98
7.31
6.85
7.62
6.84
7.5
7.12
7.27
7.11
6.67
5.0
0.0
5.9
6.54
6.61
7.14
5.69
6.88
6.49
6.36
7.21
6.67
5.0
0.0
6.89
7.31
7.01
7.62
7.01
7.62
7.1
7.5
5.88
5.45
6.36
6.67
5.0
0.0
5.4
5.38
5.4
5.38
5.97
5.24
5.97
5.24
6.35
6.88
5.09
5.45
5.09
5.45
6.45
6.67
5.0
0.0
5.0
0.0
2.52
1.54
2.77
2.44
2.77
2.44
5.22
3.87
5.04
4.76
5.04
4.76
5.48
5.45
5.48
5.45
4.7
4.31
4.7
4.31
4.71
4.39
5.2
4.52
5.2
4.52
4.96
5.71
4.96
5.71
5.34
5.45
5.46
5.49
5.46
5.49
5.29
6.34
6.29
5.16
6.29
5.16
5.67
5.71
5.67
5.71
7.11
5.45
4.33
2.13
2.84
1.9
2.84
1.9
9.39
9.31
9.2
9.41
9.2
9.41
9.2
9.41
6.93
8.75
6.93
8.75
6.93
8.75
7.63
7.41
3.23
1.67
5.47
4.4
4.71
4.0
5.71
6.21
5.12
4.21
5.12
4.21
5.46
5.0
3.92
3.1
2.77
2.13
3.88
3.89
5.15
5.38
4.07
2.67
6.85
8.0
3.58
2.96
4.76
5.13
4.18
3.57
4.18
3.57
5.65
5.45
6.61
7.11
5.57
6.29
6.34
5.6
6.1
6.67
6.45
8.0
5.83
5.56
5.19
6.82
7.11
7.2
7.33
8.0
6.41
8.0
5.83
7.11
7.05
7.43
4.94
6.4
5.84
6.67
4.86
4.0
1.46
1.09
2.19
1.14
2.19
1.14
5.39
5.6
3.8
2.67
6.37
7.78
5.67
7.5
5.57
5.86
5.69
5.42
5.69
5.42
5.14
5.26
5.66
6.43
5.41
5.56
6.46
7.5
5.09
5.17
5.42
5.42
5.32
5.79
5.5
5.71
5.54
5.56
7.63
7.5
5.35
5.96
5.25
5.11
5.52
5.41
6.15
7.41
5.96
7.06
6.69
8.57
5.27
5.26
5.2
5.96
5.2
5.96
5.73
5.41
5.29
5.93
5.67
5.88
6.15
5.71
5.98
6.67
5.6
5.53
5.29
5.41
6.01
6.67
7.05
8.24
6.56
5.71
5.49
5.96
5.1
5.53
5.8
5.95
5.8
5.95
5.39
5.93
6.56
5.88
7.08
5.71
5.22
5.61
5.13
5.53
5.72
5.41
6.27
7.41
4.41
3.75
6.91
6.67
7.28
8.93
7.91
8.7
5.52
5.0
5.08
6.15
2.44
2.5
4.73
3.33
5.55
4.29
6.29
6.09
6.03
6.11
8.08
9.23
6.81
7.5
7.23
6.67
5.9
6.43
5.38
5.65
5.57
5.56
5.85
6.15
5.39
5.0
6.7
6.67
5.45
5.71
5.47
5.65
5.37
6.11
6.03
5.38
6.03
5.38
7.09
7.5
7.09
7.5
7.37
6.67
5.23
5.71
5.23
5.71
5.44
5.65
5.66
5.56
5.66
5.56
5.43
5.38
5.69
6.25
5.69
6.25
6.32
6.67
6.32
6.67
5.19
5.36
5.34
5.22
5.34
5.22
5.29
5.56
5.17
5.38
5.17
5.38
5.85
6.25
6.57
6.67
6.57
6.67
5.14
5.71
5.22
5.65
5.22
5.65
5.61
5.56
5.61
5.56
5.45
5.38
5.45
5.38
6.5
7.5
7.15
6.67
7.15
6.67
5.2
6.07
5.2
6.07
5.45
6.09
5.33
5.56
5.33
5.56
5.59
5.38
5.8
6.25
5.8
6.25
6.77
6.67
5.24
5.0
5.24
5.0
5.24
5.65
5.54
5.56
5.46
5.38
5.46
5.38
6.26
6.25
6.23
6.67
6.23
6.67
5.56
5.36
5.26
5.65
5.65
5.56
5.65
5.56
5.56
5.93
5.56
5.93
6.79
7.06
5.77
8.57
5.77
8.57
5.25
5.61
5.22
5.53
5.22
5.53
5.82
5.95
5.82
5.95
5.36
5.93
5.89
5.88
5.89
5.88
5.98
5.71
5.32
5.61
5.32
5.61
5.23
6.38
5.23
6.38
5.09
5.41
5.47
5.93
5.47
5.93
6.0
5.88
5.88
5.71
5.88
5.71
5.18
5.61
5.18
5.61
5.3
5.53
5.3
5.95
5.3
5.95
5.7
5.93
5.37
7.06
4.89
2.86
1.85
0.7
5.3
4.68
-3870.52
-3870.52
16.17
4.67
9951.72
4654.25
14.62
3.17
-6015.05
-6015.05
17.46
5.0
-3870.52
-3870.52
16.17
4.67
9951.72
4654.25
14.62
3.17
-6015.05
-6015.05
17.46
5.0
-6015.05
-6015.05
17.46
5.0
-3870.52
-3870.52
16.17
4.67
-3870.52
-3870.52
16.17
4.67
9951.72
4654.25
14.62
3.17
9951.72
4654.25
14.62
3.17
-6015.05
-6015.05
17.46
5.0
-6015.05
-6015.05
17.46
5.1
4
3
5
6
